0.03663003663
0.046398046398
0.041514041514
0.046398046398
0.046398046398
0.0512820512821
0.0512820512821
0.046398046398
0.041514041514
0.046398046398
0.0512820512821
0.041514041514
0.046398046398
0.0512820512821
0.041514041514
0.0512820512821
0.0512820512821
0.0512820512821
0.0512820512821
0.0512820512821
0.046398046398
0.0512820512821
0.0512820512821
0.046398046398
0.0561660561661
0.0512820512821
0.0561660561661
0.0561660561661
0.0561660561661
0.0561660561661
0.0610500610501
0.0561660561661
0.0561660561661
0.0561660561661
0.0561660561661
0.0610500610501
0.0610500610501
0.0610500610501
0.0659340659341
0.0659340659341
0.0659340659341
0.0659340659341
0.0610500610501
0.0610500610501
0.0659340659341
0.0659340659341
0.0708180708181
0.0708180708181
0.0708180708181
0.0708180708181
0.0757020757021
0.0708180708181
0.0757020757021
0.0757020757021
0.0708180708181
0.0757020757021
0.0805860805861
0.0757020757021
0.0854700854701
0.0854700854701
0.0903540903541
0.0903540903541
0.0903540903541
0.0854700854701
0.0952380952381
0.0903540903541
0.0952380952381
0.100122100122
0.0952380952381
0.105006105006
0.10989010989
0.10989010989
0.10989010989
0.119658119658
0.114774114774
0.119658119658
0.124542124542
0.119658119658
0.129426129426
0.129426129426
0.13431013431
0.144078144078
0.139194139194
0.148962148962
0.153846153846
0.153846153846
0.163614163614
0.173382173382
0.168498168498
0.173382173382
0.18315018315
0.188034188034
0.197802197802
0.202686202686
0.217338217338
0.222222222222
0.227106227106
0.236874236874
0.246642246642
0.246642246642
0.261294261294
0.266178266178
0.28083028083
0.290598290598
0.30525030525
0.315018315018
0.32967032967
0.349206349206
0.35409035409
0.373626373626
0.393162393162
0.40293040293
0.42735042735
0.446886446886
0.466422466422
0.495726495726
0.515262515263
0.539682539683
0.568986568987
0.598290598291
0.627594627595
0.661782661783
0.686202686203
0.725274725275
0.769230769231
0.813186813187
0.862026862027
0.901098901099
0.949938949939
1.01343101343
1.06715506716
1.13064713065
1.19902319902
1.2673992674
1.34554334554
1.42857142857
1.51648351648
1.61416361416
1.71672771673
1.81929181929
1.93650793651
2.05372405372
2.17582417582
2.31746031746
2.46398046398
2.6105006105
2.77167277167
2.9474969475
3.12332112332
3.30402930403
3.49450549451
3.68498168498
3.88034188034
4.06593406593
4.24664224664
4.42735042735
4.57875457875
4.72527472527
4.84737484737
4.93528693529
4.99389499389
5.01831501832
4.99877899878
4.95482295482
4.86691086691
4.73504273504
4.59340659341
4.40781440781
4.21245421245
3.99267399267
3.75824175824
3.52380952381
3.28449328449
3.03540903541
2.79120879121
2.55189255189
2.30769230769
2.07814407814
1.8485958486
1.62881562882
1.40903540904
1.19902319902
0.984126984127
0.778998778999
0.573870573871
0.363858363858
0.163614163614
-0.041514041514
-0.246642246642
-0.446886446886
-0.661782661783
-0.871794871795
-1.08669108669
-1.31623931624
-1.54578754579
-1.77533577534
-2.01953601954
-2.26862026862
-2.52258852259
-2.78632478632
-3.05494505495
-3.32356532357
-3.59706959707
-3.85592185592
-4.12942612943
-4.38827838828
-4.61782661783
-4.84249084249
-5.02808302808
-5.17948717949
-5.30158730159
-5.36507936508
-5.38461538462
-5.3601953602
-5.28205128205
-5.15506715507
-5.00854700855
-4.82783882784
-4.61782661783
-4.40781440781
-4.17338217338
-3.94383394383
-3.71428571429
-3.48473748474
-3.26495726496
-3.05006105006
-2.8547008547
-2.66910866911
-2.48351648352
-2.31257631258
-2.16117216117
-2.01465201465
-1.8778998779
-1.7557997558
-1.63858363858
-1.53113553114
-1.43345543346
-1.33089133089
-1.24297924298
-1.15995115995
-1.08669108669
-1.01343101343
-0.959706959707
-0.886446886447
-0.837606837607
-0.783882783883
-0.730158730159
-0.691086691087
-0.647130647131
-0.603174603175
-0.568986568987
-0.539682539683
-0.505494505495
-0.47619047619
-0.446886446886
-0.422466422466
-0.398046398046
-0.373626373626
-0.35409035409
-0.334554334554
-0.310134310134
-0.295482295482
-0.275946275946
-0.261294261294
-0.246642246642
-0.23199023199
-0.217338217338
-0.20757020757
-0.197802197802
-0.18315018315
-0.178266178266
-0.163614163614
-0.15873015873
-0.153846153846
-0.144078144078
-0.13431013431
-0.13431013431
-0.119658119658
-0.114774114774
-0.10989010989
-0.100122100122
-0.0952380952381
-0.0903540903541
-0.0805860805861
-0.0805860805861
-0.0757020757021
-0.0659340659341
-0.0708180708181
-0.0659340659341
-0.0561660561661
-0.0610500610501
-0.0512820512821
-0.046398046398
-0.046398046398
-0.041514041514
-0.041514041514
-0.03663003663
-0.031746031746
-0.031746031746
-0.026862026862
-0.021978021978
-0.026862026862
-0.026862026862
-0.017094017094
-0.021978021978
-0.017094017094
-0.01221001221
-0.017094017094
-0.01221001221
-0.01221001221
-0.017094017094
-0.00732600732601
-0.01221001221
-0.00732600732601
-0.00732600732601
-0.00732600732601
-0.00732600732601
-0.002442002442
-0.00732600732601
0.002442002442
0.002442002442
-0.002442002442
-0.002442002442
0.002442002442
0.002442002442
0.00732600732601
0.00732600732601
0.002442002442
0.01221001222